0200000000000000
0200180000000000
0200000000000000
0000000000000000
0000150000000000
0000000000000000
0000040000000000
0000000000000000
00000c0000000000
0000000000000000
00002a0000000000
0000000000000000
0000110000000000
0000000000000000
00000c0000000000
0000000000000000
0000180000000000
0000000000000000
0000100000000000
0000000000000000
00002c0000000000
0000000000000000
0000060000000000
0000000000000000
0000040000000000
0000000000000000
0000110000000000
0000000000000000
00002c0000000000
0000000000000000
0000050000000000
0000000000000000
0000080000000000
0000000000000000
00002c0000000000
0000000000000000
0000070000000000
0000070800000000
0000000800000000
0000000000000000
00001c0000000000
0000000000000000
00002c0000000000
0000000000000000
00000c0000000000
0000000000000000
00002a0000000000
0000000000000000
00002a0000000000
0000000000000000
00002a0000000000
0000000000000000
0000060000000000
0000060400000000
0000000400000000
0000000000000000
00001c0000000000
0000000000000000
00002c0000000000
0000000000000000
00000c0000000000
00000c1100000000
0000001100000000
0000000000000000
0000170000000000
0000000000000000
0000120000000000
0000000000000000
00002c0000000000
0000000000000000
0200000000000000
0000000000000000
00000f0000000000
0000000000000000
0000080000000000
0000080400000000
0000000400000000
0000000000000000
0000070000000000
0000000000000000
0000370000000000
0000000000000000
00002c0000000000
0000000000000000
0200000000000000
02001a0000000000
0200000000000000
0000000000000000
00000b0000000000
0000000000000000
0000080000000000
0000000000000000
0000110000000000
0000000000000000
00002c0000000000
0000000000000000
0000040000000000
0000000000000000
00002c0000000000
0000000000000000
0200000000000000
0200180000000000
0200000000000000
0000000000000000
0000560000000000
0000000000000000
00005a0000000000
0000000000000000
00005b0000000000
0000000000000000
0000600000000000
0000000000000000
00002c0000000000
0000000000000000
0000040000000000
0000000000000000
0000170000000000
0000000000000000
0000120000000000
0000121000000000
0000001000000000
0000000000000000
00002c0000000000
0000000000000000
00000c0000000000
0000000000000000
0000160000000000
0000000000000000
00002c0000000000
0000000000000000
0000070000000000
0000070800000000
0000000800000000
0000000000000000
0000060000000000
0000000000000000
0000040000000000
0000000000000000
00001c0000000000
0000000000000000
00002c0000000000
0000000000000000
0000170000000000
0000000000000000
00000c0000000000
0000000000000000
00002a0000000000
0000000000000000
0000120000000000
0000000000000000
00002c0000000000
0000000000000000
0000040000000000
0000000000000000
00002c0000000000
0000000000000000
0200000000000000
0200130000000000
0200000000000000
0200050000000000
0200000000000000
0000000000000000
0000490000000000
0000000000000000
00002a0000000000
0000000000000000
0000490000000000
0000000000000000
0000070000000000
0000000000000000
00002a0000000000
0000000000000000
0000050000000000
0000000000000000
0000560000000000
0000000000000000
00005a0000000000
0000000000000000
0000620000000000
0000000000000000
00005e0000000000
0000000000000000
00002c0000000000
0000000000000000
0000040000000000
0000000000000000
0000170000000000
0000000000000000
0000150000000000
0000000000000000
00002a0000000000
0000000000000000
0000120000000000
0000000000000000
0000100000000000
0000000000000000
0000370000000000
0000000000000000
00002a0000000000
0000000000000000
0000360000000000
0000000000000000
00002c0000000000
0000000000000000
00000b0000000000
0000000000000000
0000120000000000
0000000000000000
00001a0000000000
0000000000000000
00002c0000000000
0000000000000000
0000100000000000
0000000000000000
0000040000000000
0000000000000000
0000110000000000
0000000000000000
00001c0000000000
0000000000000000
00002c0000000000
0000000000000000
0000040000000000
0000000000000000
00000f0000000000
0000000000000000
0000130000000000
0000000000000000
00000b0000000000
0000000000000000
0000040000000000
0000000000000000
00002c0000000000
0000000000000000
0000040000000000
0000000000000000
0000110000000000
0000000000000000
0000070000000000
0000000000000000
00002c0000000000
0000000000000000
0000050000000000
0000000000000000
0000080000000000
0000000000000000
0000170000000000
0000170400000000
0000000400000000
0000000000000000
00002c0000000000
0000000000000000
0000130000000000
0000000000000000
0000040000000000
0000000000000000
0000150000000000
0000000000000000
0000170000000000
0000000000000000
00000c0000000000
0000000000000000
0000060000000000
0000000000000000
00000f0000000000
0000000000000000
0000080000000000
0000081600000000
0000001600000000
0000000000000000
00002c0000000000
0000000000000000
00001a0000000000
0000000000000000
00000c0000000000
0000000000000000
00000f0000000000
0000000000000000
00000f0000000000
0000000000000000
00002c0000000000
0000000000000000
0000050000000000
0000000000000000
0000080000000000
0000000000000000
00002c0000000000
0000000000000000
00002a0000000000
0000000000000000
00000a0000000000
0000000000000000
0000080000000000
0000000000000000
0000110000000000
0000000000000000
00002a0000000000
0000000000000000
00002a0000000000
0000000000000000
00002a0000000000
0000000000000000
00002c0000000000
0000000000000000
00000a0000000000
0000000000000000
0000080000000000
0000081100000000
0000001100000000
0000000000000000
0000080000000000
0000081500000000
0000001500000000
0000040000000000
0000000000000000
0000170000000000
0000000000000000
0000080000000000
0000000000000000
0000070000000000
0000000000000000
0200000000000000
0200380000000000
0200000000000000
0000000000000000
0000280000000000
0000000000000000
0000280000000000
0000000000000000
0200000000000000
0200090000000000
0200000000000000
0000000000000000
00000f0000000000
0000000400000000
0000000000000000
00000a0000000000
0000000000000000
0200000000000000
0200330000000000
0200000000000000
0000000000000000
0000280000000000
0000000000000000
00000b0000000000
00000b0e00000000
0000000e00000000
0000000000000000
0000060000000000
0000000000000000
0000080000000000
0000081500000000
0000001500000000
0000000000000000
0000170000000000
0000000000000000
00005a0000000000
00005a6200000000
0000006200000000
0000000000000000
0200000000000000
02002f0000000000
02002f3000000000
0200003000000000
0200000000000000
0000000000000000
0000500000000000
0000000000000000
0200000000000000
0200170000000000
0200000000000000
0000000000000000
00000b0000000000
0000000000000000
0000080000000000
0000000000000000
00002a0000000000
0000000000000000
0000200000000000
0000000000000000
00002a0000000000
0000000000000000
0000080000000000
0000000000000000
0200000000000000
02002d0000000000
0200000000000000
0000000000000000
0000040000000000
0000000000000000
0000110000000000
0000000000000000
0000160000000000
0000000000000000
00001a0000000000
0000000000000000
0000080000000000
0000081500000000
0000001500000000
0000000000000000
0200000000000000
02002d0000000000
0200000000000000
0000000000000000
00000c0000000000
0000000000000000
0000160000000000
0000000000000000
0200000000000000
02002d0000000000
0200000000000000
0000000000000000
0200000000000000
0200360000000000
0200363700000000
0200003700000000
0200000000000000
0000000000000000
0000500000000000
0000000000000000
0000110000000000
0000000000000000
0000180000000000
0000000000000000
0000100000000000
0000000000000000
0000050000000000
0000000000000000
0000080000000000
0000081500000000
0000001500000000
0000000000000000
00002c0000000000
0000000000000000
0000120000000000
0000000000000000
0000090000000000
0000000000000000
00002c0000000000
0000000000000000
0000040000000000
0000000000000000
0000130000000000
0000000000000000
00002a0000000000
0000000000000000
00000f0000000000
0000000000000000
0000130000000000
0000000000000000
00000b0000000000
0000000000000000
0000040000000000
0000000000000000
00002c0000000000
0000000000000000
0000130000000000
0000000000000000
0000040000000000
0000000000000000
0000150000000000
0000000000000000
0000170000000000
0000000000000000
00000c0000000000
0000000000000000
0000060000000000
0000000000000000
00000f0000000000
0000000000000000
0000080000000000
0000081600000000
0000001600000000
0000000000000000
00004f0000000000
0000000000000000
0200000000000000
02002d0000000000
0200000000000000
0000000000000000
0200000000000000
0200360000000000
0200363700000000
0200003700000000
0200000000000000
0000000000000000
0000500000000000
0000000000000000
0000050000000000
0000000000000000
00002a0000000000
0000000000000000
0000110000000000
0000000000000000
0000180000000000
0000000000000000
0000100000000000
0000000000000000
0000050000000000
0000000000000000
0000080000000000
0000081500000000
0000001500000000
0000000000000000
00002c0000000000
0000000000000000
0000120000000000
0000000000000000
0000090000000000
0000000000000000
00002c0000000000
0000000000000000
0000050000000000
0000000000000000
0000080000000000
0000000000000000
0000170000000000
0000170400000000
0000000400000000
0000000000000000
00002c0000000000
0000000000000000
0000130000000000
0000000000000000
0000040000000000
0000000000000000
0000150000000000
0000000000000000
0000170000000000
0000000000000000
00000c0000000000
0000000000000000
0000060000000000
0000000000000000
00000f0000000000
0000000000000000
0000080000000000
0000081600000000
0000001600000000
0000000000000000
